$GPRMC,071456.00,A,3541.68511,N,05123.50384,E,0.012,,180520,,,D*7E
$GPVTG,,T,,M,0.012,N,0.022,K,D*25
$GPGGA,071456.00,3541.68511,N,05123.50384,E,2,11,0.85,1236.2,M,-17.6,M,,0000*4D
$GPGSA,A,3,24,02,15,17,30,06,13,28,12,19,40,,1.72,0.85,1.49*03
$GPGSV,3,1,11,02,25,173,30,06,41,139,26,12,20,288,34,13,22,203,29*78
$GPGSV,3,2,11,15,22,236,31,17,48,041,19,19,73,035,30,24,47,308,28*73
$GPGSV,3,3,11,28,28,075,22,30,07,140,20,40,48,174,34*45
$GPGLL,3541.68511,N,05123.50384,E,071456.00,A,D*6A

$GPRMC,071457.00,A,3541.68513,N,05123.50382,E,0.171,,180520,,,D*7F
$GPVTG,,T,,M,0.171,N,0.316,K,D*25
$GPGGA,071457.00,3541.68513,N,05123.50382,E,2,11,0.85,1236.4,M,-17.6,M,,0000*4E
$GPGSA,A,3,24,02,15,17,30,06,13,28,12,19,40,,1.72,0.85,1.49*03
$GPGSV,3,1,11,02,25,173,30,06,41,139,26,12,20,288,33,13,22,203,30*77
$GPGSV,3,2,11,15,22,236,32,17,48,041,18,19,73,035,30,24,47,308,28*71
$GPGSV,3,3,11,28,28,075,22,30,07,140,20,40,48,174,34*45
$GPGLL,3541.68513,N,05123.50382,E,071457.00,A,D*6F

$GPRMC,071458.00,A,3541.68519,N,05123.50384,E,0.289,,180520,,,D*78
$GPVTG,,T,,M,0.289,N,0.536,K,D*25
$GPGGA,071458.00,3541.68519,N,05123.50384,E,2,11,0.85,1236.4,M,-17.6,M,,0000*4D
$GPGSA,A,3,24,02,15,17,30,06,13,28,12,19,40,,1.72,0.85,1.49*03
$GPGSV,3,1,11,02,25,173,31,06,41,139,26,12,20,288,33,13,22,203,29*7E
$GPGSV,3,2,11,15,22,236,31,17,48,041,19,19,73,035,30,24,47,308,28*73
$GPGSV,3,3,11,28,28,075,22,30,07,140,20,40,48,174,34*45
$GPGLL,3541.68519,N,05123.50384,E,071458.00,A,D*6C

$GPRMC,071459.00,A,3541.68519,N,05123.50380,E,0.213,,180520,,,D*7E
$GPVTG,,T,,M,0.213,N,0.395,K,D*29
$GPGGA,071459.00,3541.68519,N,05123.50380,E,2,11,0.85,1236.7,M,-17.6,M,,0000*4B
$GPGSA,A,3,24,02,15,17,30,06,13,28,12,19,40,,1.72,0.85,1.49*03
$GPGSV,3,1,11,02,25,173,31,06,41,139,26,12,20,288,33,13,22,203,29*7E
$GPGSV,3,2,11,15,22,236,31,17,48,041,18,19,73,035,30,24,47,308,29*73
$GPGSV,3,3,11,28,28,075,22,30,07,140,19,40,48,174,33*48
$GPGLL,3541.68519,N,05123.50380,E,071459.00,A,D*69

$GPRMC,071500.00,A,3541.68521,N,05123.50386,E,0.125,,180520,,,D*78
$GPVTG,,T,,M,0.125,N,0.231,K,D*20
$GPGGA,071500.00,3541.68521,N,05123.50386,E,2,11,0.85,1236.6,M,-17.6,M,,0000*4A
$GPGSA,A,3,24,02,15,17,30,06,13,28,12,19,40,,1.72,0.85,1.49*03
$GPGSV,3,1,11,02,25,173,30,06,41,139,26,12,20,288,33,13,22,203,29*7F
$GPGSV,3,2,11,15,22,236,32,17,48,041,17,19,73,035,30,24,47,308,29*7F
$GPGSV,3,3,11,28,28,075,23,30,07,140,18,40,48,174,33*48
$GPGLL,3541.68521,N,05123.50386,E,071500.00,A,D*69
